Ryan Dunn
A15600858
kick_ID, final_time(s), final_speed(m/s), final_acceleration(m/sˆ2), travel_distance(m)
1 5.070000000e-01 2.688311881e+01 -1.300703791e+01 1.569632325e+01
2 1.249000000e+00 1.928985575e+01 -4.926037901e+00 3.110919634e+01
3 1.330000000e+00 1.908992435e+01 -4.366058672e+00 3.282313686e+01
4 1.557000000e+00 1.832506095e+01 -2.515751086e+00 3.647574811e+01
5 1.511000000e+00 1.857976531e+01 -3.383856119e+00 3.691201103e+01
6 1.369000000e+00 1.892894878e+01 -3.717890185e+00 3.303391032e+01
7 1.580000000e+00 1.852611641e+01 -4.306922215e+00 4.123579593e+01
